K 0 2 3 57 346
K 416 2 3 53 369
K 75 2 3 54 787
K 56 2 3 58 30
K 54 2 3 52 15
K 50 2 0 0 0
K 5649 2 3 58 32
K 19 2 0 0 0
K 14919 2 3 58 31
K 24 2 0 0 0
K 7285 2 3 58 30
K 26 2 3 52 0
K 14 2 0 0 0
K 7298 2 3 58 29
K 24 2 0 0 0
K 7362 2 3 58 27
K 19 2 0 0 0
K 7872 2 3 58 23
K 22 2 0 0 0
K 6815 2 3 58 20
K 19 2 0 0 0
K 8824 2 3 53 363
K 18 2 3 54 805
K 14 2 3 58 12
K 15 2 0 0 0
K 20901 2 3 57 -1
K 19 2 0 0 0
P 1468 1 90787 0 0
P 785205 4 694000 1117610428 0
P 996700 2 904823 0 0
K 1371745 2 3 57 347
K 29 2 3 48 3
K 22 2 3 53 860
K 18 2 3 54 292
K 20 2 3 58 46
K 20 2 0 0 0
K 3264 2 3 58 48
K 24 2 0 0 0
K 7348 2 3 58 49
K 21 2 0 0 0
K 14911 2 3 58 50
K 20 2 0 0 0
K 7130 2 3 58 48
K 20 2 0 0 0
K 7440 2 3 58 47
K 29 2 0 0 0
K 7389 2 3 58 43
K 24 2 0 0 0
K 7518 2 3 48 2
K 29 2 3 58 36
K 23 2 0 0 0
K 29336 2 3 57 -1
K 36 2 0 0 0
P 996 1 90104 0 0
P 478251 2 325449 0 0
K 1263807 2 3 57 348
K 99 2 3 48 0
K 74 2 3 53 1631
K 109 2 3 54 282
K 64 2 3 58 31
K 38 2 0 0 0
K 30049 2 3 58 30
K 27 2 0 0 0
K 7344 2 3 58 27
K 27 2 0 0 0
K 7413 2 3 58 23
K 17 2 0 0 0
K 7332 2 3 58 18
K 26 2 0 0 0
K 7253 2 3 58 14
K 17 2 0 0 0
K 20888 2 3 57 -1
K 26 2 0 0 0
P 1201 1 82166 0 0
P 442479 2 304844 0 0
K 738359 2 3 57 349
K 88 2 3 53 2361
K 40 2 3 54 245
K 49 2 3 58 37
K 41 2 0 0 0
K 6879 2 3 58 39
K 26 2 0 0 0
K 7434 2 3 48 3
K 25 2 3 58 43
K 15 2 0 0 0
K 14947 2 3 58 45
K 27 2 0 0 0
K 7430 2 3 58 44
K 25 2 0 0 0
K 7449 2 3 58 43
K 25 2 0 0 0
K 14866 2 3 48 2
K 133 2 3 58 40
K 20 2 0 0 0
K 7349 2 3 58 37
K 18 2 0 0 0
K 8819 2 3 53 2364
K 26 2 3 54 264
K 219 2 3 58 28
K 24 2 3 52 15
K 19 2 0 0 0
K 28673 2 3 57 -1
K 21 2 0 0 0
P 175 1 105866 0 0
P 585472 2 430806 0 0
K 649904 2 3 57 350
K 165 2 3 48 0
K 80 2 3 53 3094
K 483 2 3 54 337
K 126 2 3 58 38
K 110 2 3 52 0
K 1051 2 0 0 0
K 4789 2 3 58 40
K 44 2 0 0 0
K 7349 2 3 48 4
K 30 2 3 58 41
K 238 2 0 0 0
K 14775 2 3 58 38
K 30 2 0 0 0
K 7483 2 3 58 36
K 27 2 0 0 0
K 9054 2 3 58 33
K 24 2 0 0 0
K 7288 2 3 48 3
K 246 2 3 58 28
K 29 2 0 0 0
K 27720 2 3 57 -1
K 299 2 0 0 0
P 990 1 83672 0 0
P 551975 2 393222 0 0
K 709431 2 3 57 351
K 40 2 3 48 0
K 34 2 3 53 3720
K 23 2 3 54 329
K 20 2 0 0 0
K 8559 2 3 58 30
K 32 2 0 0 0
K 7399 2 3 58 32
K 24 2 0 0 0
K 15341 2 3 58 33
K 21 2 0 0 0
K 29242 2 3 58 31
K 27 2 0 0 0
K 7333 2 3 58 30
K 22 2 0 0 0
K 7401 2 3 58 28
K 21 2 0 0 0
K 8854 2 3 58 24
K 22 2 0 0 0
K 7614 2 3 58 17
K 18 2 0 0 0
K 20368 2 3 57 -1
K 24 2 0 0 0
P 1267 1 114784 0 0
P 546145 2 391004 0 0
K 626884 2 3 57 352
K 76 2 3 53 3732
K 62 2 3 54 335
K 58 2 3 58 31
K 54 2 0 0 0
K 6379 2 3 58 33
K 26 2 0 0 0
K 7310 2 3 58 34
K 21 2 0 0 0
K 23491 2 3 58 35
K 24 2 0 0 0
K 7332 2 3 58 34
K 20 2 0 0 0
K 7549 2 3 58 33
K 21 2 0 0 0
K 7234 2 3 58 32
K 18 2 0 0 0
K 7391 2 3 58 30
K 17 2 0 0 0
K 7501 2 3 58 26
K 25 2 0 0 0
K 7106 2 3 58 21
K 29 2 0 0 0
K 20871 2 3 57 -1
K 20 2 0 0 0
P 1818 1 105266 0 0
P 554426 2 388741 0 0
K 729693 2 3 57 353
K 405 2 3 53 3736
K 67 2 3 54 331
K 63 2 3 58 31
K 53 2 0 0 0
K 5915 2 3 58 32
K 24 2 0 0 0
K 7329 2 3 58 33
K 22 2 0 0 0
K 23354 2 3 58 34
K 22 2 0 0 0
K 22306 2 3 58 33
K 24 2 0 0 0
K 22247 2 3 58 32
K 24 2 0 0 0
K 7332 2 3 58 30
K 24 2 0 0 0
K 7389 2 3 58 29
K 21 2 0 0 0
K 8681 2 3 58 27
K 26 2 0 0 0
K 10866 2 3 58 24
K 19 2 3 52 16
K 18 2 0 0 0
K 4360 2 3 58 21
K 23 2 3 52 0
K 16 2 0 0 0
K 7186 2 3 58 18
K 22 2 0 0 0
K 20322 2 3 57 -1
K 22 2 0 0 0
P 5132 1 153699 0 0
P 526231 2 359107 0 0
K 431920 2 3 57 354
K 58 2 3 53 3741
K 43 2 3 58 31
K 41 2 0 0 0
K 6892 2 3 58 32
K 26 2 0 0 0
K 14743 2 3 58 33
K 22 2 0 0 0
K 38450 2 3 58 32
K 27 2 0 0 0
K 7384 2 3 58 31
K 24 2 0 0 0
K 7327 2 3 58 29
K 23 2 0 0 0
K 7379 2 3 58 25
K 24 2 0 0 0
K 7237 2 3 58 20
K 22 2 0 0 0
K 22116 2 3 57 -1
K 23 2 0 0 0
P 771 1 113482 0 0
P 566459 2 416443 0 0
K 585707 2 3 57 355
K 81 2 3 53 3743
K 60 2 3 54 314
K 55 2 3 58 34
K 54 2 0 0 0
K 7569 2 3 58 37
K 28 2 0 0 0
K 7305 2 3 58 38
K 21 2 0 0 0
K 7366 2 3 58 40
K 23 2 0 0 0
K 14971 2 3 48 4
K 27 2 3 58 41
K 20 2 0 0 0
K 8189 2 3 58 42
K 30 2 0 0 0
K 6642 2 3 58 43
K 27 2 0 0 0
K 31100 2 3 58 42
K 20 2 0 0 0
K 15197 2 3 58 41
K 21 2 0 0 0
K 8164 2 3 58 39
K 20 2 0 0 0
K 7328 2 3 58 35
K 18 2 0 0 0
K 7543 2 3 48 3
K 25 2 3 58 30
K 19 2 0 0 0
K 7522 2 3 48 1
K 20 2 3 58 23
K 18 2 0 0 0
K 29077 2 3 57 -1
K 22 2 0 0 0
P 1271 1 160501 0 0
P 450720 2 287239 0 0
K 592277 2 3 57 356
K 54 2 3 48 0
K 230 2 3 53 3747
K 45 2 3 54 320
K 288 2 3 58 28
K 49 2 0 0 0
K 6243 2 3 58 31
K 19 2 0 0 0
K 7296 2 3 58 33
K 28 2 0 0 0
K 7371 2 3 58 34
K 29 2 0 0 0
K 14806 2 3 58 35
K 229 2 0 0 0
K 38292 2 3 58 34
K 32 2 0 0 0
K 7386 2 3 58 33
K 28 2 0 0 0
K 7394 2 3 58 32
K 29 2 0 0 0
K 7285 2 3 58 30
K 25 2 0 0 0
K 7438 2 3 58 28
K 47 2 0 0 0
K 7341 2 3 58 23
K 35 2 0 0 0
K 7179 2 3 58 17
K 27 2 0 0 0
K 21929 2 3 57 -1
K 29 2 0 0 0
P 1284 1 142965 0 0
P 451369 2 305979 0 0
K 556460 2 3 57 357
K 157 2 3 53 3734
K 317 2 3 54 323
K 100 2 3 58 28
K 55 2 0 0 0
K 6058 2 3 58 30
K 33 2 0 0 0
K 8690 2 3 58 32
K 30 2 0 0 0
K 15205 2 3 58 33
K 30 2 0 0 0
K 14674 2 3 58 32
K 34 2 0 0 0
K 14565 2 3 58 31
K 31 2 0 0 0
K 7369 2 3 58 30
K 29 2 0 0 0
K 7384 2 3 58 28
K 27 2 0 0 0
K 8800 2 3 58 25
K 21 2 0 0 0
K 7714 2 3 58 20
K 23 2 0 0 0
K 20283 2 3 57 -1
K 29 2 0 0 0
P 1063 1 113515 0 0
P 503172 2 340587 0 0
K 745073 2 3 57 358
K 131 2 3 53 3581
K 75 2 3 54 288
K 71 2 3 58 32
K 81 2 3 52 15
K 37 2 0 0 0
K 14019 2 3 58 34
K 32 2 3 52 0
K 22 2 0 0 0
K 7334 2 3 58 35
K 29 2 0 0 0
K 7326 2 3 58 37
K 17 2 0 0 0
K 31052 2 3 58 36
K 36 2 0 0 0
K 7994 2 3 58 35
K 25 2 0 0 0
K 6654 2 3 58 33
K 21 2 0 0 0
K 7355 2 3 58 29
K 17 2 3 52 15
K 21 2 0 0 0
K 7368 2 3 58 27
K 32 2 0 0 0
K 7308 2 3 58 21
K 17 2 3 52 0
K 23 2 0 0 0
K 7208 2 3 58 16
K 28 2 0 0 0
K 22060 2 3 57 -1
K 22 2 0 0 0
P 2033 1 129208 0 0
K 968563 2 3 57 359
K 209 2 3 53 3579
K 2674 2 3 54 345
K 24 2 3 58 28
K 22 2 0 0 0
K 3636 2 3 58 29
K 33 2 0 0 0
K 7338 2 3 58 30
K 28 2 0 0 0
K 38260 2 3 58 28
K 86 2 0 0 0
K 7274 2 3 58 27
K 29 2 0 0 0
K 7352 2 3 58 24
K 27 2 0 0 0
K 7372 2 3 58 20
K 17 2 0 0 0
K 7193 2 3 58 15
K 29 2 0 0 0
K 20772 2 3 57 -1
K 29 2 0 0 0
P 2134 1 105309 0 0
K 898623 2 3 57 360
K 97 2 3 53 3596
K 132 2 3 54 327
K 2070 2 3 58 33
K 18 2 0 0 0
K 3608 2 3 58 35
K 33 2 0 0 0
K 8674 2 3 58 37
K 29 2 0 0 0
K 7377 2 3 58 38
K 28 2 0 0 0
K 14851 2 3 58 39
K 29 2 0 0 0
K 14777 2 3 58 38
K 29 2 0 0 0
K 7363 2 3 58 39
K 28 2 0 0 0
K 7336 2 3 58 38
K 26 2 0 0 0
K 7368 2 3 58 37
K 27 2 0 0 0
K 7412 2 3 58 35
K 30 2 0 0 0
K 8637 2 3 58 32
K 28 2 0 0 0
K 7388 2 3 58 27
K 27 2 0 0 0
K 7452 2 3 58 21
K 18 2 0 0 0
K 20845 2 3 57 -1
K 21 2 0 0 0
P 2677 1 130367 0 0
K 917973 2 3 57 361
K 79 2 3 53 3590
K 60 2 3 54 323
K 55 2 3 58 28
K 57 2 0 0 0
K 7587 2 3 58 31
K 27 2 0 0 0
K 7279 2 3 58 33
K 22 2 0 0 0
K 7430 2 3 58 34
K 22 2 0 0 0
K 7317 2 3 58 35
K 18 2 0 0 0
K 7426 2 3 58 36
K 22 2 0 0 0
K 14768 2 3 58 37
K 23 2 0 0 0
K 14804 2 3 58 36
K 23 2 0 0 0
K 16003 2 3 58 35
K 23 2 0 0 0
K 7365 2 3 58 31
K 21 2 0 0 0
K 7366 2 3 58 27
K 21 2 0 0 0
K 7400 2 3 58 21
K 22 2 0 0 0
K 20774 2 3 57 -1
K 22 2 0 0 0
P 2176 1 128552 0 0
K 934086 2 3 57 362
K 81 2 3 53 3612
K 60 2 3 54 330
K 89 2 3 58 27
K 2401 2 0 0 0
K 2870 2 3 58 29
K 24 2 0 0 0
K 7327 2 3 58 31
K 21 2 3 52 1
K 18 2 0 0 0
K 7334 2 3 58 32
K 20 2 0 0 0
K 7409 2 3 52 0
K 23 2 0 0 0
K 7510 2 3 58 33
K 19 2 0 0 0
K 7424 2 3 58 34
K 20 2 0 0 0
K 30985 2 3 58 33
K 24 2 0 0 0
K 7401 2 3 58 32
K 23 2 3 52 1
K 17 2 0 0 0
K 7283 2 3 58 31
K 21 2 0 0 0
K 7397 2 3 58 29
K 20 2 3 52 0
K 18 2 0 0 0
K 7319 2 3 58 24
K 18 2 0 0 0
K 7368 2 3 58 19
K 22 2 0 0 0
K 21928 2 3 57 -1
K 24 2 0 0 0
P 2259 1 136415 0 0
K 931463 2 3 57 363
K 78 2 3 53 3587
K 56 2 3 54 324
K 55 2 3 58 26
K 56 2 0 0 0
K 6383 2 3 58 27
K 24 2 0 0 0
K 7271 2 3 58 29
K 22 2 0 0 0
K 7357 2 3 58 30
K 19 2 0 0 0
K 8767 2 3 58 31
K 22 2 0 0 0
K 7353 2 3 58 30
K 22 2 0 0 0
K 7348 2 3 58 32
K 18 2 0 0 0
K 7377 2 3 58 31
K 20 2 0 0 0
K 7352 2 3 58 30
K 25 2 0 0 0
K 14837 2 3 58 29
K 23 2 0 0 0
K 7351 2 3 58 27
K 25 2 0 0 0
K 7518 2 3 58 24
K 21 2 0 0 0
K 7318 2 3 58 21
K 18 2 0 0 0
K 8512 2 3 58 14
K 19 2 0 0 0
K 20782 2 3 57 -1
K 20 2 0 0 0
P 1816 1 128763 0 0
K 953245 2 3 57 364
K 81 2 3 53 3584
K 58 2 3 54 323
K 57 2 3 58 29
K 54 2 0 0 0
K 6487 2 3 58 30
K 24 2 0 0 0
K 7292 2 3 58 31
K 16 2 0 0 0
K 7411 2 3 58 32
K 21 2 0 0 0
K 30061 2 3 58 31
K 20 2 0 0 0
K 15972 2 3 58 29
K 21 2 0 0 0
K 7317 2 3 58 26
K 24 2 0 0 0
K 7340 2 3 58 22
K 20 2 0 0 0
K 7180 2 3 58 15
K 21 2 0 0 0
K 20750 2 3 57 -1
K 20 2 0 0 0
P 1843 1 113098 0 0
K 921299 2 3 57 365
K 174 2 3 58 34
K 3270 2 0 0 0
K 2985 2 3 58 35
K 32 2 0 0 0
K 7358 2 3 58 36
K 27 2 0 0 0
K 7376 2 3 58 37
K 27 2 0 0 0
K 14864 2 3 58 38
K 27 2 0 0 0
K 22218 2 3 58 37
K 31 2 0 0 0
K 8657 2 3 58 34
K 27 2 0 0 0
K 7383 2 3 58 33
K 28 2 0 0 0
K 7373 2 3 58 28
K 29 2 0 0 0
K 7559 2 3 58 24
K 21 2 0 0 0
K 7253 2 3 58 17
K 18 2 0 0 0
K 20784 2 3 57 -1
K 17 2 0 0 0
P 1665 1 120600 0 0
K 1220320 2 3 57 366
K 21 2 3 53 2958
K 16 2 3 54 301
K 12 2 3 58 32
K 16 2 0 0 0
K 7269 2 3 58 34
K 21 2 0 0 0
K 7403 2 3 58 35
K 17 2 0 0 0
K 7401 2 3 58 36
K 22 2 0 0 0
K 16228 2 3 58 37
K 22 2 0 0 0
K 14956 2 3 58 36
K 21 2 0 0 0
K 7387 2 3 58 35
K 24 2 0 0 0
K 7369 2 3 58 33
K 16 2 0 0 0
K 7400 2 3 58 30
K 22 2 0 0 0
K 7356 2 3 58 26
K 20 2 0 0 0
K 7352 2 3 58 20
K 22 2 0 0 0
K 21922 2 3 57 -1
K 23 2 0 0 0
P 2103 1 115361 0 0
K 892800 2 3 57 367
K 75 2 3 53 2203
K 56 2 3 54 339
K 50 2 3 58 30
K 51 2 0 0 0
K 5324 2 3 58 31
K 25 2 0 0 0
K 7383 2 3 58 33
K 25 2 0 0 0
K 29697 2 3 58 34
K 24 2 0 0 0
K 7317 2 3 58 33
K 19 2 0 0 0
K 7432 2 3 58 31
K 21 2 0 0 0
K 7331 2 3 58 28
K 17 2 0 0 0
K 8747 2 3 58 21
K 23 2 3 52 240
K 16 2 0 0 0
K 20752 2 3 57 -1
K 26 2 0 0 0
P 1984 1 98556 0 0
K 1036747 2 3 57 368
K 75 2 3 53 1440
K 57 2 3 54 352
K 57 2 3 58 18
K 53 2 3 52 0
K 55 2 0 0 0
K 6250 2 3 58 19
K 23 2 0 0 0
K 22215 2 3 58 20
K 26 2 0 0 0
K 45863 2 3 58 19
K 23 2 0 0 0
K 14824 2 3 58 20
K 28 2 0 0 0
K 14719 2 3 58 22
K 27 2 0 0 0
K 7366 2 3 58 23
K 22 2 0 0 0
K 8658 2 3 58 26
K 18 2 0 0 0
K 7368 2 3 58 28
K 19 2 0 0 0
K 7359 2 3 58 30
K 17 2 0 0 0
K 7339 2 3 58 31
K 17 2 0 0 0
K 37173 2 3 58 29
K 21 2 0 0 0
K 7347 2 3 58 23
K 18 2 0 0 0
K 22060 2 3 57 -1
K 24 2 0 0 0
P 4169 1 213593 0 0
K 991786 2 3 57 369
K 82 2 3 53 734
K 319 2 3 54 331
K 61 2 3 58 25
K 77 2 0 0 0
K 5902 2 3 58 27
K 27 2 0 0 0
K 7422 2 3 58 29
K 23 2 0 0 0
K 8660 2 3 58 30
K 21 2 0 0 0
K 37346 2 3 58 28
K 23 2 0 0 0
K 7368 2 3 58 24
K 20 2 0 0 0
K 7394 2 3 58 20
K 20 2 0 0 0
K 7099 2 3 58 14
K 20 2 0 0 0
K 21968 2 3 57 -1
K 24 2 0 0 0
P 1997 1 107252 0 0
K 2290957 2 3 57 370
K 52 2 3 48 4
K 42 2 3 53 2490
K 37 2 3 54 4051
K 36 2 3 58 36
K 35 2 0 0 0
K 7226 2 3 58 37
K 19 2 3 52 15
K 13 2 0 0 0
K 14867 2 3 48 3
K 20 2 3 58 36
K 17 2 3 52 14
K 17 2 0 0 0
K 7049 2 3 58 35
K 21 2 3 52 15
K 18 2 0 0 0
K 8756 2 3 48 2
K 24 2 3 58 33
K 14 2 0 0 0
K 7504 2 3 58 32
K 27 2 0 0 0
K 7305 2 3 53 2472
K 23 2 3 54 4060
K 18 2 3 58 30
K 14 2 0 0 0
K 7368 2 3 53 2470
K 19 2 3 54 4061
K 15 2 3 58 29
K 15 2 0 0 0
K 7424 2 3 53 2469
K 20 2 3 54 4063
K 16 2 3 58 26
K 16 2 3 52 0
K 14 2 0 0 0
K 7344 2 3 53 2468
K 22 2 3 58 22
K 17 2 0 0 0
K 28045 2 3 57 -1
K 23 2 0 0 0
P 4665 1 108386 0 0
P 125715 4 76000 -884899582 0
K 668150 2 3 57 371
K 78 2 3 48 0
K 58 2 3 53 3811
K 56 2 3 54 1891
K 52 2 3 58 37
K 48 2 0 0 0
K 13769 2 3 58 39
K 20 2 0 0 0
K 7448 2 3 48 3
K 19 2 3 58 41
K 14 2 0 0 0
K 7434 2 3 48 4
K 18 2 3 53 3808
K 14 2 3 54 1915
K 13 2 0 0 0
K 8714 2 3 53 3805
K 18 2 3 54 1934
K 14 2 0 0 0
K 7527 2 3 53 3802
K 16 2 3 54 1959
K 14 2 3 58 40
K 14 2 0 0 0
K 7443 2 3 53 3798
K 21 2 3 54 1991
K 13 2 0 0 0
K 7545 2 3 53 3792
K 18 2 3 54 2043
K 15 2 3 58 39
K 14 2 0 0 0
K 7729 2 3 53 3783
K 18 2 3 54 2142
K 14 2 3 58 36
K 14 2 0 0 0
K 7584 2 3 53 3771
K 19 2 3 54 2332
K 13 2 0 0 0
K 7542 2 3 48 3
K 17 2 3 53 3764
K 14 2 3 54 2524
K 14 2 3 58 33
K 12 2 0 0 0
K 7492 2 3 48 2
K 21 2 3 53 3763
K 18 2 3 54 2690
K 14 2 3 58 28
K 14 2 0 0 0
K 7441 2 3 48 1
K 19 2 3 53 3764
K 16 2 3 54 2844
K 12 2 3 58 23
K 14 2 0 0 0
K 7476 2 3 53 3769
K 22 2 3 54 2967
K 17 2 3 58 19
K 14 2 0 0 0
K 8743 2 3 53 3778
K 17 2 3 54 3091
K 15 2 3 58 16
K 12 2 0 0 0
K 35263 2 3 57 -1
K 22 2 0 0 0
P 2494 1 152824 0 0
K 1041832 2 3 57 372
K 70 2 3 48 4
K 58 2 3 53 881
K 58 2 3 54 773
K 53 2 3 58 41
K 49 2 0 0 0
K 30045 2 3 48 3
K 23 2 3 58 39
K 19 2 0 0 0
K 7485 2 3 58 37
K 20 2 0 0 0
K 7431 2 3 58 35
K 20 2 0 0 0
K 7793 2 3 58 32
K 21 2 0 0 0
K 7463 2 3 48 2
K 17 2 3 58 27
K 15 2 0 0 0
K 7507 2 3 58 20
K 19 2 0 0 0
K 20647 2 3 57 -1
K 19 2 0 0 0
P 1144 1 90632 0 0
P 1072347 4 979000 -1977311692 0
K 1090553 2 3 57 373
K 155 2 3 48 0
K 1427 2 3 53 2092
K 57 2 3 54 4053
K 58 2 3 58 21
K 52 2 0 0 0
K 4900 2 3 58 22
K 30 2 0 0 0
K 7528 2 3 58 21
K 26 2 0 0 0
K 7791 2 3 58 22
K 31 2 0 0 0
K 30899 2 3 58 23
K 34 2 0 0 0
K 7331 2 3 58 21
K 26 2 0 0 0
K 7562 2 3 58 20
K 28 2 0 0 0
K 7430 2 3 58 17
K 29 2 0 0 0
K 20671 2 3 57 -1
K 48 2 0 0 0
P 17351 1 113996 0 0
K 1458925 2 3 57 374
K 75 2 3 48 3
K 64 2 3 53 1327
K 63 2 3 54 807
K 85 2 3 58 40
K 2845 2 0 0 0
K 4212 2 3 58 37
K 21 2 0 0 0
K 7179 2 3 48 2
K 26 2 3 58 33
K 12 2 3 52 15
K 20 2 0 0 0
K 7263 2 3 58 22
K 25 2 3 52 0
K 13 2 0 0 0
K 20673 2 3 57 -1
K 25 2 0 0 0
P 1562 1 45084 0 0
P 375778 4 314000 -1393860290 0
K 1538345 2 3 57 375
K 25 2 3 48 0
K 13 2 3 53 2063
K 21 2 3 54 4019
K 12 2 3 58 27
K 16 2 0 0 0
K 7485 2 3 58 28
K 40 2 0 0 0
K 16170 2 3 58 29
K 32 2 0 0 0
K 22418 2 3 58 28
K 16 2 0 0 0
K 7526 2 3 58 27
K 24 2 0 0 0
K 7430 2 3 58 25
K 17 2 0 0 0
K 7485 2 3 58 21
K 25 2 0 0 0
K 7423 2 3 58 13
K 18 2 0 0 0
K 21818 2 3 57 -1
K 23 2 0 0 0
P 8411 1 106655 0 0
K 898213 2 3 57 376
K 79 2 3 53 2494
K 62 2 3 54 4005
K 60 2 3 58 27
K 1041 2 0 0 0
K 13530 2 3 58 28
K 29 2 0 0 0
K 7148 2 3 58 27
K 38 2 0 0 0
K 22210 2 3 58 26
K 32 2 0 0 0
K 7471 2 3 58 24
K 43 2 0 0 0
K 8472 2 3 58 15
K 81 2 0 0 0
K 20716 2 3 57 -1
K 45 2 0 0 0
P 9613 1 91538 0 0
P 185819 4 132000 -884899582 0
K 609032 2 3 57 377
K 77 2 3 53 3801
K 56 2 3 54 2002
K 55 2 3 58 34
K 52 2 0 0 0
K 6443 2 3 58 36
K 21 2 0 0 0
K 7390 2 3 53 3795
K 18 2 3 54 2033
K 15 2 3 58 34
K 14 2 3 52 1
K 14 2 0 0 0
K 7390 2 3 53 3793
K 19 2 3 54 2065
K 14 2 3 52 0
K 15 2 0 0 0
K 7325 2 3 53 3790
K 17 2 3 54 2106
K 15 2 0 0 0
K 7391 2 3 53 3786
K 18 2 3 54 2182
K 14 2 3 58 32
K 14 2 0 0 0
K 7505 2 3 53 3784
K 17 2 3 54 2353
K 15 2 3 58 29
K 14 2 0 0 0
K 7302 2 3 54 2561
K 22 2 3 58 25
K 16 2 0 0 0
K 7400 2 3 53 3791
K 21 2 3 54 2731
K 16 2 3 58 22
K 18 2 0 0 0
K 7890 2 3 53 3800
K 20 2 3 54 2884
K 14 2 3 58 17
K 12 2 0 0 0
K 7942 2 3 53 3814
K 23 2 3 54 3037
K 17 2 3 58 15
K 14 2 0 0 0
K 7082 2 3 53 3827
K 16 2 3 54 3168
K 15 2 3 58 14
K 13 2 0 0 0
K 7289 2 3 53 3837
K 21 2 3 54 3248
K 17 2 3 58 12
K 14 2 0 0 0
K 20724 2 3 57 -1
K 21 2 0 0 0
P 2339 1 112605 0 0
K 506125 2 3 57 378
K 22 2 3 53 3807
K 18 2 3 54 2158
K 14 2 3 58 30
K 17 2 0 0 0
K 8678 2 3 58 33
K 23 2 0 0 0
K 7559 2 3 53 3802
K 18 2 3 54 2186
K 15 2 3 58 32
K 13 2 0 0 0
K 7421 2 3 53 3799
K 18 2 3 54 2209
K 15 2 0 0 0
K 7344 2 3 53 3796
K 18 2 3 54 2240
K 15 2 3 58 31
K 13 2 0 0 0
K 7385 2 3 53 3794
K 19 2 3 54 2281
K 16 2 3 58 29
K 15 2 0 0 0
K 7320 2 3 53 3791
K 16 2 3 54 2369
K 14 2 3 58 26
K 13 2 0 0 0
K 7359 2 3 53 3788
K 20 2 3 54 2532
K 15 2 3 58 23
K 14 2 0 0 0
K 7374 2 3 53 3793
K 17 2 3 54 2736
K 14 2 3 58 19
K 14 2 0 0 0
K 7240 2 3 53 3807
K 26 2 3 54 2952
K 14 2 3 58 16
K 14 2 0 0 0
K 7079 2 3 53 3818
K 25 2 3 54 3083
K 16 2 3 58 14
K 18 2 0 0 0
K 8400 2 3 53 3834
K 19 2 3 54 3200
K 14 2 3 58 13
K 14 2 0 0 0
K 7342 2 3 53 3845
K 24 2 3 54 3308
K 21 2 3 58 11
K 18 2 0 0 0
K 20723 2 3 57 -1
K 22 2 0 0 0
P 1854 1 114459 0 0
